5.7953 	2.4656 	3.4005 	4.1390 	7.4755 	0.2265 	0.1302 
7.9530 	4.8261 	3.8213 	3.0495 	7.9877 	0.2984 	0.1985 
2.7428 	2.7192 	7.3281 	7.1728 	5.6954 	0.1248 	0.0335 
6.4449 	2.9701 	4.2518 	5.9834 	4.4878 	0.2482 	0.1508 
7.2029 	3.6189 	4.3622 	5.5534 	5.7147 	0.2734 	0.1748 
2.1608 	3.8590 	7.6037 	5.6130 	6.8141 	0.1054 	0.0151 
4.3135 	4.8114 	4.4238 	7.6372 	5.3205 	0.1771 	0.0833 
7.6943 	6.9319 	3.3693 	4.9436 	2.5286 	0.2898 	0.1903 
2.8090 	3.2946 	7.7144 	6.1800 	2.4137 	0.1270 	0.0356 
7.2923 	5.6579 	4.9850 	3.4249 	4.9498 	0.2764 	0.1776 
3.0904 	3.7257 	2.3218 	6.7422 	6.3773 	0.1363 	0.0445 
7.9374 	4.9385 	5.9929 	5.7135 	6.9895 	0.2979 	0.1980 
4.4316 	6.3051 	7.9517 	2.2859 	6.1060 	0.1811 	0.0870 
5.8731 	7.3240 	4.1453 	4.3727 	4.3376 	0.2291 	0.1326 
2.2932 	7.6711 	6.2961 	5.9497 	7.9183 	0.1098 	0.0193 
2.3247 	4.0972 	3.0719 	2.0551 	2.1999 	0.1108 	0.0203 
3.3317 	2.6228 	5.1605 	3.5756 	5.2236 	0.1444 	0.0522 
6.6768 	3.7403 	7.2955 	2.8958 	3.5967 	0.2559 	0.1581 
2.5430 	4.5094 	2.2716 	2.7127 	4.5202 	0.1181 	0.0272 
7.2470 	4.6649 	4.6621 	3.8430 	6.4978 	0.2749 	0.1762 
7.7646 	2.7659 	2.4923 	6.5479 	3.9233 	0.2922 	0.1925 
5.6702 	7.5840 	2.6112 	5.9304 	7.5522 	0.2223 	0.1262 
7.5404 	3.6781 	4.1584 	4.7690 	4.9327 	0.2847 	0.1854 
3.4766 	2.3675 	7.5833 	6.5321 	2.8247 	0.1492 	0.0568 
2.4093 	7.5014 	5.8823 	2.4946 	2.5633 	0.1136 	0.0230 
6.5474 	5.1578 	4.2683 	5.6527 	7.2298 	0.2516 	0.1540 
6.5072 	3.5406 	7.1155 	3.4318 	5.8168 	0.2502 	0.1527 
7.7069 	7.5378 	6.9872 	7.3996 	5.0654 	0.2902 	0.1907 
7.6289 	2.7804 	3.2767 	5.8671 	5.1826 	0.2876 	0.1882 
4.0967 	4.0637 	4.0282 	2.6243 	5.1616 	0.1699 	0.0764 
4.9636 	5.4115 	6.7319 	3.8819 	3.2176 	0.1988 	0.1038 
5.0618 	2.9478 	3.1506 	2.4600 	5.3825 	0.2021 	0.1070 
5.9459 	2.5031 	6.6792 	2.6992 	3.7144 	0.2315 	0.1350 
4.1017 	6.3732 	3.7587 	6.2564 	6.3589 	0.1701 	0.0766 
6.2810 	7.6086 	7.8523 	6.6438 	4.6929 	0.2427 	0.1456 
2.2088 	7.9619 	6.1519 	5.3961 	7.3680 	0.1070 	0.0166 
4.9955 	5.4450 	4.3016 	6.4679 	6.7629 	0.1999 	0.1049 
5.3399 	3.5054 	4.6668 	4.9310 	3.6257 	0.2113 	0.1158 
7.6411 	6.7863 	5.2882 	7.1581 	7.3796 	0.2880 	0.1886 
2.6490 	5.2197 	3.3471 	4.3852 	6.2134 	0.1216 	0.0306 
4.7990 	4.4020 	3.6393 	7.2747 	4.5912 	0.1933 	0.0986 
6.1825 	6.6429 	5.6672 	5.1269 	2.8558 	0.2394 	0.1424 
4.6590 	3.9833 	6.3659 	3.9424 	2.7981 	0.1886 	0.0942 
6.3915 	6.4258 	7.8834 	7.7338 	6.0778 	0.2464 	0.1491 
5.9496 	5.7390 	6.5775 	5.0781 	6.7386 	0.2317 	0.1351 
5.6805 	5.2335 	3.6189 	3.1882 	3.8774 	0.2227 	0.1265 
5.9308 	5.2524 	2.5239 	3.3880 	4.7136 	0.2310 	0.1345 
2.8452 	2.2147 	5.9670 	5.6910 	3.5058 	0.1282 	0.0368 
6.7488 	3.9679 	3.1829 	7.7424 	3.0765 	0.2583 	0.1604 
7.7842 	7.2473 	4.8013 	5.9101 	3.4392 	0.2928 	0.1932 
3.9888 	7.9299 	3.8898 	3.9664 	4.9028 	0.1663 	0.0730 
5.0216 	5.2669 	7.2146 	3.0029 	7.6900 	0.2007 	0.1057 
7.0323 	3.2722 	3.7795 	6.7911 	2.0601 	0.2677 	0.1694 
7.0116 	5.1461 	6.6631 	4.9659 	5.4126 	0.2671 	0.1687 
6.0106 	2.4058 	5.5235 	5.6788 	4.0879 	0.2337 	0.1370 
5.2207 	4.9068 	7.9298 	5.3396 	3.7244 	0.2074 	0.1120 
4.6387 	2.1099 	6.0659 	2.9875 	3.5652 	0.1880 	0.0936 
4.9239 	6.1835 	4.4545 	4.0146 	5.5417 	0.1975 	0.1026 
2.2599 	2.0588 	3.3870 	5.2598 	3.1580 	0.1087 	0.0182 
7.8949 	7.1951 	3.2002 	2.4456 	4.2787 	0.2965 	0.1967 
4.4235 	4.2739 	7.3652 	2.0737 	7.5253 	0.1808 	0.0867 
5.1511 	4.4754 	6.9942 	4.6299 	5.4643 	0.2050 	0.1098 
5.4922 	5.5407 	2.2189 	4.4864 	3.2616 	0.2164 	0.1206 
2.4296 	2.4414 	6.3380 	4.9274 	4.4554 	0.1143 	0.0236 
5.8087 	7.6993 	2.8374 	5.7252 	3.9519 	0.2270 	0.1306 
7.3802 	3.5624 	5.4477 	7.3367 	5.2617 	0.2793 	0.1804 
5.2125 	3.2545 	5.5595 	7.4450 	5.2344 	0.2071 	0.1117 
2.7472 	3.4965 	7.8749 	6.8847 	7.2410 	0.1249 	0.0337 
7.1480 	5.1684 	6.0986 	2.8221 	4.1386 	0.2716 	0.1730 
7.8410 	7.2607 	3.1887 	3.5212 	5.8437 	0.2947 	0.1950 
5.9791 	4.9910 	2.2780 	6.0127 	5.4390 	0.2326 	0.1360 
3.3815 	6.4759 	5.7589 	6.9039 	4.9542 	0.1460 	0.0537 
6.6644 	2.7992 	6.8470 	6.2801 	2.2894 	0.2555 	0.1577 
5.3285 	4.3577 	3.4931 	6.1930 	7.0586 	0.2110 	0.1154 
6.1709 	3.6545 	6.3227 	6.7071 	7.5890 	0.2390 	0.1421 
3.9923 	7.2159 	7.7341 	7.4803 	7.7510 	0.1664 	0.0731 
2.4010 	3.2384 	5.4560 	2.9568 	3.1358 	0.1134 	0.0227 
3.9267 	2.4112 	3.3311 	2.3723 	5.5739 	0.1642 	0.0710 
2.5339 	3.7608 	6.3465 	2.5054 	3.8880 	0.1178 	0.0269 
7.4100 	2.4703 	5.6284 	3.9143 	2.6730 	0.2803 	0.1813 
7.0760 	4.0513 	7.1061 	4.5976 	6.3862 	0.2692 	0.1707 
7.8275 	2.7307 	2.3001 	3.6198 	3.8588 	0.2942 	0.1945 
5.0055 	5.4784 	5.9447 	5.3353 	5.7701 	0.2002 	0.1052 
3.2474 	7.1781 	3.6759 	4.5870 	5.2954 	0.1416 	0.0495 
7.3154 	4.3949 	6.9500 	3.9471 	7.9299 	0.2772 	0.1783 
3.5135 	4.7088 	7.7620 	4.1970 	7.1335 	0.1505 	0.0579 
3.1443 	4.5761 	6.7625 	4.0629 	7.3362 	0.1381 	0.0462 
3.4463 	3.0519 	2.3826 	7.0997 	4.7065 	0.1482 	0.0558 
4.1751 	7.6627 	6.1945 	7.6918 	4.5980 	0.1725 	0.0789 
2.3232 	3.4815 	3.9854 	3.9215 	6.5337 	0.1108 	0.0202 
6.0761 	5.0884 	4.3910 	2.7406 	6.1247 	0.2359 	0.1391 
7.0600 	5.6927 	6.0027 	2.2426 	4.8040 	0.2687 	0.1702 
6.3053 	7.0916 	2.7489 	6.8009 	5.6627 	0.2435 	0.1463 
3.0733 	7.6476 	7.3170 	3.2687 	6.8645 	0.1358 	0.0440 
7.4589 	4.6557 	2.6777 	4.2209 	2.3885 	0.2820 	0.1829 
4.7830 	4.5242 	4.2261 	2.0161 	4.6577 	0.1928 	0.0981 
5.4671 	3.0882 	4.0494 	4.7822 	7.7626 	0.2156 	0.1198 
7.7485 	4.6019 	7.9670 	5.5806 	3.7403 	0.2916 	0.1920 
6.9076 	4.7712 	4.6796 	7.2956 	4.4457 	0.2636 	0.1654 
4.2288 	5.1916 	4.1231 	7.2394 	2.8451 	0.1743 	0.0806 
4.2488 	7.5301 	7.0346 	2.1351 	2.0766 	0.1750 	0.0812 
7.7422 	7.4891 	3.4863 	3.9741 	2.9491 	0.2914 	0.1918 
3.5043 	6.0200 	5.1419 	7.9125 	6.6919 	0.1501 	0.0576 
4.0820 	7.2314 	4.7149 	6.7253 	3.2860 	0.1694 	0.0759 
7.8167 	3.5964 	7.7502 	3.8015 	2.6404 	0.2939 	0.1942 
4.3382 	4.0117 	2.8442 	2.8566 	4.3485 	0.1779 	0.0840 
6.3508 	4.2331 	3.5059 	7.8145 	6.4379 	0.2450 	0.1478 
6.4296 	4.3382 	4.8241 	4.6884 	3.6616 	0.2477 	0.1503 
3.1647 	6.7397 	3.6443 	6.9187 	6.1596 	0.1388 	0.0469 
4.4404 	6.2770 	7.3867 	7.2515 	3.8261 	0.1813 	0.0873 
4.3276 	2.5808 	7.9561 	2.1177 	3.1673 	0.1776 	0.0837 
5.2795 	6.4575 	7.5758 	6.0649 	2.2422 	0.2093 	0.1139 
2.2820 	3.4447 	7.6174 	7.2644 	7.1760 	0.1094 	0.0189 
7.7962 	4.7191 	7.8397 	6.5236 	5.1950 	0.2932 	0.1935 
5.9880 	4.2171 	6.8276 	7.2007 	5.3987 	0.2329 	0.1363 
2.9485 	6.2910 	6.5016 	6.1740 	7.4181 	0.1316 	0.0400 
5.5847 	4.3837 	2.6682 	5.4341 	2.6316 	0.2195 	0.1235 
3.4063 	5.8039 	6.6372 	7.6015 	3.0347 	0.1469 	0.0545 
7.5829 	4.6518 	7.4374 	5.2397 	5.0520 	0.2861 	0.1868 
6.0847 	2.6440 	4.4818 	4.2997 	5.6201 	0.2362 	0.1394 
2.1213 	7.0186 	4.7910 	3.7659 	7.7204 	0.1040 	0.0138 
4.8828 	2.6612 	6.2086 	2.7751 	3.9939 	0.1961 	0.1013 
2.1358 	2.2363 	2.2640 	3.0691 	4.7387 	0.1045 	0.0143 
4.6213 	3.4323 	5.5909 	6.5616 	5.9200 	0.1874 	0.0930 
6.7697 	7.7969 	4.8916 	7.8959 	2.3328 	0.2590 	0.1610 
5.1397 	3.5239 	6.8624 	5.4816 	6.9921 	0.2047 	0.1094 
6.8470 	4.1363 	4.3736 	2.6770 	7.6330 	0.2616 	0.1635 
2.3907 	5.3451 	5.3824 	5.1370 	6.1761 	0.1130 	0.0224 
7.9661 	5.9569 	2.0231 	7.5224 	7.5353 	0.2989 	0.1989 
6.1256 	7.1629 	7.0498 	6.3134 	5.4550 	0.2375 	0.1406 
2.3477 	7.7483 	6.5845 	5.5992 	3.0149 	0.1116 	0.0210 
4.8300 	4.2676 	4.9700 	5.7043 	6.7243 	0.1943 	0.0996 
5.4728 	5.8759 	2.1081 	6.7766 	5.0742 	0.2158 	0.1200 
2.8738 	5.3524 	6.7798 	2.5169 	5.1205 	0.1291 	0.0377 
7.1650 	7.6392 	6.7987 	7.9487 	5.0914 	0.2722 	0.1736 
7.0000 	6.0361 	4.1803 	6.4343 	7.8681 	0.2667 	0.1683 
4.3965 	6.8514 	6.4149 	2.7966 	5.5606 	0.1799 	0.0859 
2.8856 	2.1040 	7.1812 	3.7594 	2.1628 	0.1295 	0.0380 
2.5195 	3.5797 	2.5157 	3.2599 	2.5465 	0.1173 	0.0264 
6.7178 	5.8277 	6.1852 	4.7089 	4.2629 	0.2573 	0.1594 
2.9622 	7.7281 	6.2127 	3.8213 	3.7659 	0.1321 	0.0405 
3.2286 	2.8896 	2.8012 	5.0022 	2.1872 	0.1410 	0.0489 
2.2677 	2.5921 	3.0649 	7.5444 	2.8695 	0.1089 	0.0185 
3.1241 	4.7355 	2.5510 	4.3264 	7.5037 	0.1375 	0.0456 
2.1052 	4.5820 	7.3607 	4.2561 	4.8757 	0.1035 	0.0133 
3.3508 	6.4459 	2.0960 	6.5549 	7.1609 	0.1450 	0.0528 
4.7596 	3.4164 	7.6055 	2.5415 	7.7377 	0.1920 	0.0974 
4.8385 	6.4899 	2.1615 	4.6876 	6.8047 	0.1946 	0.0999 
6.1365 	2.8803 	3.2528 	5.2064 	3.1232 	0.2379 	0.1410 
3.9780 	4.4893 	2.9384 	3.2394 	3.1944 	0.1659 	0.0726 
7.3518 	4.1765 	5.7044 	5.8496 	7.3128 	0.2784 	0.1795 
2.6309 	6.6215 	5.8608 	3.4762 	3.0844 	0.1210 	0.0300 
3.3746 	3.3352 	6.6931 	5.2204 	4.1056 	0.1458 	0.0535 
3.8308 	6.1664 	3.3430 	2.1570 	7.3990 	0.1610 	0.0680 
4.0452 	6.6928 	6.0870 	5.9664 	5.3692 	0.1682 	0.0748 
4.8185 	2.4497 	7.0057 	5.1477 	6.0592 	0.1940 	0.0993 
2.1907 	5.9679 	7.8008 	5.3539 	5.8883 	0.1064 	0.0160 
4.3754 	5.6224 	6.7643 	4.9918 	6.0305 	0.1792 	0.0852 
5.1846 	5.5587 	3.2306 	7.7097 	7.0504 	0.2062 	0.1108 
2.7748 	6.7527 	4.0245 	7.5881 	5.5801 	0.1258 	0.0345 
5.2483 	7.5928 	2.9789 	3.5021 	7.5714 	0.2083 	0.1129 
2.9165 	5.1925 	4.3390 	2.7882 	2.4278 	0.1306 	0.0390 
3.8643 	2.3020 	7.2437 	3.2305 	3.9650 	0.1621 	0.0690 
6.2425 	7.5768 	6.1181 	7.9253 	2.2324 	0.2414 	0.1443 
2.0798 	6.6779 	5.0113 	7.8403 	2.1690 	0.1027 	0.0125 
2.2413 	7.2347 	3.2468 	7.5390 	4.1934 	0.1080 	0.0176 
2.1192 	4.0790 	6.4694 	4.8531 	4.9924 	0.1040 	0.0138 
3.0274 	3.3987 	5.0497 	2.7556 	7.3275 	0.1342 	0.0425 
2.6393 	2.9907 	7.9940 	7.1455 	4.4622 	0.1213 	0.0302 
3.2941 	3.6384 	4.8468 	2.4709 	3.4708 	0.1431 	0.0510 
2.5597 	2.6892 	3.1534 	5.5176 	7.2195 	0.1187 	0.0277 
5.1071 	6.4342 	4.8798 	4.3063 	3.6496 	0.2036 	0.1084 
7.5640 	6.4159 	6.9410 	4.1012 	2.8366 	0.2855 	0.1862 
3.8766 	5.6264 	5.2622 	5.8305 	5.4256 	0.1626 	0.0694 
6.5268 	3.3742 	4.5123 	3.6611 	4.7938 	0.2509 	0.1533 
2.3010 	7.4156 	3.2163 	7.4495 	5.2764 	0.1100 	0.0195 
5.7326 	3.2675 	4.9177 	6.5878 	7.7079 	0.2244 	0.1282 
7.6246 	7.9024 	2.4261 	6.3461 	5.8788 	0.2875 	0.1881 
3.2602 	6.0688 	2.1750 	6.1076 	2.1201 	0.1420 	0.0499 
3.7104 	2.3232 	2.7372 	3.6377 	6.3374 	0.1570 	0.0642 
4.5678 	5.9317 	5.0364 	4.7467 	3.4855 	0.1856 	0.0913 
7.3746 	4.1698 	6.4368 	2.9761 	4.6850 	0.2792 	0.1802 
3.4943 	6.1287 	7.3446 	7.0787 	7.8089 	0.1498 	0.0573 
5.9197 	7.1305 	6.1064 	4.5377 	7.9885 	0.2307 	0.1341 
2.0369 	7.2977 	4.8923 	2.0074 	5.1773 	0.1012 	0.0112 
6.8890 	7.5509 	6.2348 	7.7622 	7.8214 	0.2630 	0.1648 
6.9710 	2.8518 	6.8589 	3.1342 	5.5397 	0.2657 	0.1674 
4.9771 	2.5562 	3.2885 	6.0861 	7.0792 	0.1992 	0.1043 
3.1958 	6.2491 	6.9689 	6.7307 	7.0099 	0.1399 	0.0479 
4.4065 	7.9893 	5.5142 	2.2181 	3.0945 	0.1802 	0.0862 
2.4968 	2.3797 	4.0101 	3.0351 	7.8063 	0.1166 	0.0257 
6.6878 	7.8570 	5.9038 	6.6479 	2.9429 	0.2563 	0.1584 
6.2699 	6.9675 	3.4581 	3.1677 	7.5125 	0.2423 	0.1452 
6.5837 	3.1233 	3.4166 	2.3222 	6.0428 	0.2528 	0.1551 
2.7640 	2.1529 	6.3927 	2.4064 	3.6894 	0.1255 	0.0342 
5.8187 	2.7766 	6.0241 	5.7593 	4.0521 	0.2273 	0.1309 
2.6200 	6.5190 	2.2315 	3.8871 	2.7805 	0.1207 	0.0296 
4.5176 	5.2891 	5.3119 	4.4034 	3.5401 	0.1839 	0.0897 
5.3692 	2.0823 	5.0216 	2.4812 	6.1306 	0.2123 	0.1167 
3.3672 	4.0301 	7.2606 	6.3259 	3.3012 	0.1456 	0.0533 
4.6792 	4.8867 	4.2571 	3.1074 	4.6418 	0.1893 	0.0948 
4.9389 	4.7506 	2.1333 	7.9319 	3.4938 	0.1980 	0.1031 
2.9384 	2.3360 	4.4472 	5.6333 	6.3102 	0.1313 	0.0397 
2.0053 	2.2970 	4.4965 	6.1623 	4.9853 	0.1002 	0.0102 
4.2940 	6.0594 	7.8267 	3.2995 	6.6542 	0.1765 	0.0826 
2.4594 	3.3019 	2.8966 	4.2136 	3.0011 	0.1153 	0.0245 
3.6158 	5.3897 	4.9568 	2.0283 	2.0472 	0.1539 	0.0612 
7.0167 	3.8754 	5.6066 	6.6067 	2.9083 	0.2672 	0.1689 
5.5156 	6.9345 	3.9069 	4.4591 	4.8507 	0.2172 	0.1213 
5.2566 	6.6017 	2.4587 	5.5487 	2.3403 	0.2086 	0.1131 
5.8802 	6.8918 	3.5515 	4.4181 	6.5569 	0.2293 	0.1329 
2.6613 	4.4649 	7.5208 	4.0358 	6.6019 	0.1220 	0.0309 
6.4626 	7.5617 	2.0508 	5.7415 	5.6500 	0.2488 	0.1513 
4.7337 	3.9267 	3.0528 	3.5660 	3.6363 	0.1911 	0.0966 
7.5303 	3.9931 	2.8641 	6.8407 	2.3594 	0.2843 	0.1851 
7.8734 	5.6997 	3.5884 	2.5580 	6.5015 	0.2958 	0.1960 
3.5494 	4.9005 	2.9520 	4.5266 	7.5973 	0.1516 	0.0591 
5.7871 	2.0340 	2.5335 	6.0372 	6.2741 	0.2262 	0.1299 
2.2028 	4.4214 	7.6890 	5.0972 	2.9789 	0.1068 	0.0164 
7.1437 	3.1576 	6.0179 	4.0707 	7.0256 	0.2715 	0.1729 
6.0345 	5.3007 	6.8764 	7.9564 	5.0341 	0.2345 	0.1378 
6.8185 	3.8219 	4.6080 	7.0052 	7.8657 	0.2606 	0.1626 
3.5900 	5.8537 	7.1695 	5.8832 	2.2761 	0.1530 	0.0604 
5.0413 	3.4618 	3.9529 	2.1814 	5.3571 	0.2014 	0.1063 
3.5258 	7.4297 	5.5403 	7.8638 	4.0275 	0.1509 	0.0583 
7.1007 	6.8647 	7.0609 	2.8857 	5.6103 	0.2700 	0.1715 
5.7707 	4.0232 	7.9090 	7.8899 	7.3529 	0.2257 	0.1294 
7.4181 	7.1579 	6.7492 	2.6022 	7.2884 	0.2806 	0.1816 
5.2886 	7.8436 	3.7279 	6.4784 	6.1708 	0.2096 	0.1141 
5.4201 	6.3543 	2.6404 	7.3659 	7.1899 	0.2140 	0.1183 
3.4235 	4.9255 	5.0940 	7.3515 	5.7840 	0.1475 	0.0551 
3.0923 	6.6473 	4.7659 	7.0363 	7.8899 	0.1364 	0.0446 
7.8848 	3.1927 	4.9962 	7.4964 	3.9777 	0.2962 	0.1964 
7.1958 	7.3582 	7.8129 	5.0695 	3.8011 	0.2732 	0.1745 
6.1572 	5.7139 	5.8652 	6.0771 	3.7630 	0.2386 	0.1416 
6.3238 	4.6999 	2.7007 	5.8886 	4.9202 	0.2441 	0.1469 
3.6446 	2.0678 	5.7106 	5.2993 	6.0105 	0.1548 	0.0621 
7.5037 	7.0301 	3.9661 	3.3472 	3.3942 	0.2835 	0.1843 
2.4847 	4.2289 	2.2892 	4.8816 	5.9432 	0.1162 	0.0253 
3.1815 	7.5124 	6.5696 	7.6569 	7.6783 	0.1394 	0.0474 
3.8973 	4.4518 	2.7255 	2.2379 	4.4206 	0.1632 	0.0701 
5.5358 	2.4889 	3.5320 	6.4145 	5.9523 	0.2179 	0.1220 
2.7188 	3.9072 	4.1862 	3.0934 	4.5087 	0.1240 	0.0328 
6.4175 	5.9022 	6.5214 	4.6682 	2.3149 	0.2472 	0.1499 
2.3531 	4.1167 	7.2710 	4.5150 	2.6172 	0.1118 	0.0212 
6.6038 	6.1981 	4.6253 	7.6126 	7.8989 	0.2535 	0.1558 
7.8632 	3.6671 	4.7786 	2.6417 	7.8488 	0.2954 	0.1957 
3.3098 	4.3745 	6.4178 	5.5675 	3.3721 	0.1437 	0.0515 
7.6104 	6.0981 	3.5802 	6.1189 	3.7982 	0.2870 	0.1877 
6.6160 	2.6978 	6.7229 	2.1030 	4.0937 	0.2539 	0.1562 
4.6482 	2.2460 	7.5565 	3.4720 	2.1325 	0.1883 	0.0939 
7.5924 	6.5370 	3.6626 	5.7808 	2.0332 	0.2864 	0.1871 
5.3051 	2.9270 	3.5664 	5.4524 	2.9623 	0.2102 	0.1147 
7.2568 	7.0555 	5.2759 	2.3368 	7.4471 	0.2752 	0.1765 
5.5468 	5.3317 	2.0014 	6.0072 	2.5151 	0.2182 	0.1223 
3.7625 	3.2028 	6.2814 	3.0566 	4.1163 	0.1587 	0.0658 
7.4695 	7.0059 	5.1139 	4.6064 	7.6609 	0.2823 	0.1832 
2.0713 	3.3649 	5.3317 	5.4995 	3.8206 	0.1024 	0.0123 
3.8920 	7.7372 	2.0251 	2.0619 	2.3824 	0.1631 	0.0699 
2.3620 	7.7211 	2.3956 	4.0805 	7.2047 	0.1121 	0.0215 
5.0352 	7.3803 	2.5990 	7.9654 	4.4731 	0.2012 	0.1061 
6.8620 	5.5814 	2.6545 	2.8464 	3.8716 	0.2621 	0.1640 
3.3424 	3.6278 	3.6846 	7.4878 	6.7983 	0.1447 	0.0525 
7.9059 	5.8306 	3.3039 	2.4408 	6.2379 	0.2969 	0.1970 
4.5298 	7.8447 	4.5464 	6.9338 	3.0577 	0.1843 	0.0901 
2.6880 	6.5250 	5.7942 	4.7879 	2.8901 	0.1229 	0.0318 
5.1230 	7.3408 	7.6490 	6.4202 	4.2364 	0.2041 	0.1089 
7.5120 	5.3176 	7.1570 	2.6201 	4.4087 	0.2837 	0.1845 
2.2254 	6.5562 	5.9576 	2.1529 	5.7618 	0.1075 	0.0171 
2.7860 	3.4644 	7.7822 	6.3738 	5.4895 	0.1262 	0.0349 
4.5463 	7.8270 	6.2878 	4.1613 	2.3094 	0.1849 	0.0906 
3.7725 	5.8995 	6.8225 	6.6906 	6.9656 	0.1591 	0.0661 
6.7332 	6.1189 	3.1124 	5.4567 	5.9335 	0.2578 	0.1599 
3.9659 	4.6227 	3.5468 	3.0087 	3.5521 	0.1655 	0.0723 
5.5752 	6.2103 	5.9728 	7.0605 	2.6530 	0.2192 	0.1232 
3.7185 	2.9524 	7.0839 	4.4351 	6.8845 	0.1573 	0.0644 
7.2850 	7.2809 	5.3192 	5.9413 	2.7680 	0.2762 	0.1774 
5.6012 	5.4893 	7.4320 	6.7009 	7.6451 	0.2200 	0.1240 
7.4805 	3.8706 	2.5523 	2.0379 	4.3706 	0.2827 	0.1835 
2.8323 	2.1436 	3.0070 	3.2803 	4.7312 	0.1277 	0.0364 
7.1735 	4.4989 	2.4815 	5.0563 	3.6102 	0.2725 	0.1738 
6.6208 	2.1706 	5.8322 	4.4371 	7.7314 	0.2540 	0.1563 
4.6948 	6.8074 	3.0892 	4.5510 	5.7368 	0.1898 	0.0953 
6.4997 	2.6054 	7.7922 	2.6698 	3.4637 	0.2500 	0.1525 
7.3549 	6.7179 	5.8474 	3.9840 	4.0658 	0.2785 	0.1796 
7.2130 	5.8437 	6.1641 	3.6547 	6.5620 	0.2738 	0.1751 
5.7074 	7.9189 	5.6516 	5.1097 	6.1003 	0.2236 	0.1274 
7.1276 	6.9182 	6.3716 	2.6879 	3.2587 	0.2709 	0.1724 
2.4394 	5.0085 	6.5398 	2.8139 	7.4336 	0.1146 	0.0239 
2.9916 	6.6831 	7.6596 	3.2061 	5.4793 	0.1331 	0.0414 
5.6139 	2.1616 	2.8528 	6.7606 	2.6112 	0.2205 	0.1244 
6.8561 	3.7387 	2.1925 	3.7062 	7.0988 	0.2619 	0.1638 
6.7838 	3.0279 	2.4367 	4.6631 	3.9328 	0.2595 	0.1615 
6.0062 	2.3551 	7.3887 	7.2133 	5.0408 	0.2335 	0.1369 
6.9840 	4.8485 	4.4343 	5.3052 	5.0136 	0.2661 	0.1678 
6.5508 	7.8859 	2.0781 	5.0170 	5.3087 	0.2517 	0.1541 
3.2568 	4.9849 	6.7115 	2.8727 	3.7818 	0.1419 	0.0498 
7.9241 	5.7712 	5.6912 	3.7936 	7.0340 	0.2975 	0.1976 
3.4295 	5.6823 	2.3582 	6.3375 	4.2448 	0.1477 	0.0553 
2.2361 	6.9814 	2.0450 	3.5415 	4.5721 	0.1079 	0.0175 
3.0464 	2.1233 	5.8277 	2.9324 	6.8752 	0.1349 	0.0431 
3.9408 	6.2424 	3.0282 	7.7950 	4.6305 	0.1647 	0.0715 
6.4109 	2.5394 	7.2532 	3.1639 	3.9823 	0.2470 	0.1497 
5.0798 	6.6671 	6.2597 	6.1029 	6.3520 	0.2027 	0.1075 
4.4880 	7.6276 	4.5567 	3.2153 	5.3347 	0.1829 	0.0888 
4.2348 	3.8254 	2.1215 	7.4312 	5.3879 	0.1745 	0.0808 
6.7133 	2.6721 	7.8974 	2.3874 	6.1994 	0.2571 	0.1593 
6.0667 	7.3101 	2.8125 	7.9788 	5.7957 	0.2356 	0.1388 
3.1096 	5.1380 	2.5640 	2.7214 	5.6999 	0.1370 	0.0451 
4.2137 	2.6537 	7.9829 	2.4160 	3.4064 	0.1738 	0.0801 
2.1441 	3.6919 	6.6211 	4.2741 	6.4186 	0.1048 	0.0146 
2.4699 	4.5670 	7.1404 	4.0019 	6.7477 	0.1157 	0.0249 
5.3940 	6.3307 	7.5038 	7.7137 	5.5177 	0.2131 	0.1175 
3.4748 	4.8655 	2.0696 	6.4458 	4.8232 	0.1492 	0.0567 
5.9647 	6.8459 	7.6290 	6.4537 	5.7522 	0.2322 	0.1355 
6.3665 	3.2291 	5.6464 	4.2551 	6.4095 	0.2456 	0.1483 
4.2813 	7.4396 	6.9219 	3.6208 	2.0188 	0.1760 	0.0822 
6.8749 	6.1578 	4.3440 	4.6487 	2.6878 	0.2625 	0.1644 
4.6742 	4.7875 	4.5317 	2.3562 	6.9052 	0.1891 	0.0947 
7.6646 	5.0737 	3.9296 	4.8267 	5.1551 	0.2888 	0.1894 
6.9604 	6.9485 	2.6936 	6.2385 	3.5216 	0.2653 	0.1671 
4.8584 	6.2706 	3.4285 	6.8681 	4.3254 	0.1953 	0.1005 
2.5798 	5.7213 	4.8099 	5.4712 	6.3079 	0.1193 	0.0284 
6.4020 	3.0980 	2.4163 	7.6751 	6.8387 	0.2467 	0.1494 
3.0051 	2.9826 	3.4746 	6.2307 	4.5380 	0.1335 	0.0418 
5.8392 	3.7949 	4.5411 	3.8718 	4.7530 	0.2280 	0.1316 
6.2921 	5.4978 	3.7476 	7.3150 	7.4908 	0.2431 	0.1459 
5.4877 	2.5044 	3.0971 	3.3777 	7.4060 	0.2163 	0.1204 
6.7944 	5.0243 	3.9421 	6.8595 	4.8657 	0.2598 	0.1618 
3.5630 	5.9950 	3.1748 	3.1782 	3.9172 	0.1521 	0.0595 
5.9115 	3.9541 	5.4384 	4.5782 	3.6774 	0.2304 	0.1339 
4.0549 	3.3507 	3.9681 	3.7467 	6.2888 	0.1685 	0.0751 
4.7469 	6.5060 	2.4449 	3.6775 	3.3169 	0.1916 	0.0970 
3.1319 	2.1958 	2.7649 	4.0251 	2.2662 	0.1377 	0.0458 
3.1539 	3.1290 	5.4984 	3.8544 	6.4713 	0.1385 	0.0465 
4.0726 	6.8733 	5.2267 	6.9486 	5.8359 	0.1691 	0.0756 
6.6345 	3.7037 	5.3692 	7.5741 	7.9611 	0.2545 	0.1568 
6.0550 	7.0753 	4.5853 	7.9940 	4.8815 	0.2352 	0.1384 
4.9743 	4.5435 	2.2094 	5.2816 	2.6655 	0.1991 	0.1042 
6.2166 	5.1151 	3.7339 	3.7239 	6.0550 	0.2406 	0.1435 
5.6585 	7.9425 	6.6033 	6.2099 	3.1868 	0.2220 	0.1259 
4.1453 	3.5495 	3.3601 	5.8060 	2.5196 	0.1715 	0.0779 
7.6563 	4.7782 	4.8386 	3.8316 	4.0416 	0.2885 	0.1891 
6.1026 	7.7081 	7.1997 	2.5900 	7.3421 	0.2368 	0.1399 
2.9112 	6.1079 	5.9175 	6.5088 	4.2136 	0.1304 	0.0389 
5.3528 	3.8006 	5.7236 	4.8753 	3.7358 	0.2118 	0.1162 
5.2678 	2.2266 	4.2913 	4.1824 	7.9071 	0.2089 	0.1135 
3.3944 	6.3979 	5.4258 	2.1940 	7.1454 	0.1465 	0.0542 
3.6423 	3.3170 	7.4017 	7.1695 	5.1431 	0.1547 	0.0620 
7.2295 	3.0654 	7.7420 	3.1483 	6.1489 	0.2743 	0.1756 
5.6864 	3.1862 	6.5567 	4.4644 	4.9153 	0.2229 	0.1267 
5.4348 	3.3857 	5.1865 	2.2699 	6.8488 	0.2145 	0.1188 
7.6764 	5.2800 	7.7024 	3.4429 	5.9896 	0.2892 	0.1898 
3.8590 	3.9366 	7.6684 	7.6215 	4.2845 	0.1620 	0.0689 
5.1082 	2.9113 	5.4810 	2.1680 	6.2009 	0.2036 	0.1084 
2.3755 	5.0238 	5.8992 	6.5722 	5.1114 	0.1125 	0.0219 
3.2752 	6.2308 	2.6158 	4.9776 	5.9796 	0.1425 	0.0504 
6.6532 	7.8171 	7.9187 	4.2811 	5.2158 	0.2551 	0.1574 
4.4620 	7.7913 	5.4750 	3.3302 	3.3290 	0.1821 	0.0880 
5.4487 	3.7656 	4.4032 	4.0908 	3.4252 	0.2150 	0.1192 
3.8394 	4.2445 	4.0794 	2.3073 	6.3942 	0.1613 	0.0682 
4.3784 	4.3200 	3.2669 	6.2196 	7.6061 	0.1793 	0.0853 
2.5133 	4.9551 	7.0650 	7.4213 	4.6079 	0.1171 	0.0263 
4.1130 	2.2759 	5.6239 	3.4904 	5.4994 	0.1704 	0.0769 
2.0489 	7.1231 	2.4078 	5.9934 	6.4788 	0.1016 	0.0115 
4.7151 	2.5731 	4.1604 	7.5632 	2.7377 	0.1905 	0.0960 
3.9505 	5.5055 	5.7820 	4.5021 	3.3329 	0.1650 	0.0718 
4.4561 	5.3632 	5.2812 	4.7553 	7.9741 	0.1819 	0.0878 
6.2023 	2.0926 	3.9932 	5.2651 	2.8796 	0.2401 	0.1431 
4.8768 	7.9122 	7.4673 	5.2457 	2.7032 	0.1959 	0.1011 
5.5981 	5.5962 	4.6281 	2.8310 	4.8353 	0.2199 	0.1239 
5.7178 	5.1244 	7.8624 	6.9632 	2.4929 	0.2239 	0.1277 
6.3767 	7.2739 	5.6729 	3.4117 	3.3628 	0.2459 	0.1486 
4.3444 	3.1490 	4.9090 	2.7645 	2.7578 	0.1781 	0.0842 
4.0144 	4.4399 	2.9351 	2.1239 	4.0123 	0.1671 	0.0738 
7.3183 	5.7877 	3.3150 	6.0207 	4.1631 	0.2773 	0.1784 
5.3978 	3.0175 	4.5736 	5.7962 	3.5251 	0.2133 	0.1176 
6.5618 	6.3193 	6.2656 	6.3020 	4.3597 	0.2521 	0.1545 
4.1320 	7.3955 	4.7001 	2.5749 	6.2641 	0.1711 	0.0775 
7.0855 	4.6061 	7.5163 	4.7134 	3.0487 	0.2695 	0.1710 
6.9454 	6.5741 	7.4748 	3.5578 	7.6731 	0.2648 	0.1666 
4.7704 	3.4071 	4.0556 	3.9036 	5.7280 	0.1923 	0.0977 
6.9255 	7.0510 	2.6311 	3.6823 	2.5688 	0.2642 	0.1660 
4.2660 	5.9185 	3.9121 	5.6709 	6.7665 	0.1755 	0.0818 
3.8027 	2.3899 	2.4711 	3.7348 	5.2658 	0.1601 	0.0671 
7.4404 	3.5352 	3.8713 	3.3945 	4.5636 	0.2813 	0.1823 
5.2309 	2.0094 	3.4112 	5.8164 	6.5127 	0.2077 	0.1123 
2.4532 	7.6854 	3.1210 	7.3825 	7.4631 	0.1151 	0.0244 
4.5437 	2.8349 	6.4824 	4.8034 	4.1824 	0.1848 	0.0905 
6.2599 	6.3871 	2.9653 	7.5152 	4.9698 	0.2420 	0.1449 
6.8010 	5.4630 	3.8094 	5.5286 	6.6704 	0.2600 	0.1620 
7.9459 	6.6133 	6.0695 	3.2953 	7.7871 	0.2982 	0.1983 
4.0370 	3.3240 	5.4033 	4.1260 	7.5663 	0.1679 	0.0745 
2.8930 	2.9214 	6.8042 	2.9478 	2.1485 	0.1298 	0.0383 
3.2166 	2.5444 	3.4484 	5.1951 	5.3361 	0.1406 	0.0485 
3.0439 	5.9722 	6.8871 	7.7749 	2.0576 	0.1348 	0.0431 
3.7846 	2.8210 	3.7916 	6.2931 	6.4443 	0.1595 	0.0665 
4.6154 	5.6681 	4.1359 	4.9004 	6.9743 	0.1872 	0.0928 
7.0471 	4.1562 	6.4567 	7.8235 	4.6236 	0.2682 	0.1698 
2.9295 	4.6332 	4.8615 	7.1097 	2.9317 	0.1310 	0.0394 
7.2787 	5.8824 	2.9030 	4.9629 	4.3118 	0.2760 	0.1772 
6.1403 	4.5442 	6.2419 	5.7763 	3.2394 	0.2380 	0.1411 
6.3357 	6.7411 	4.6437 	4.1524 	3.3836 	0.2445 	0.1473 
2.7283 	2.6336 	5.7738 	5.5152 	5.8068 	0.1243 	0.0331 
6.4695 	7.9804 	2.3279 	4.3949 	2.2234 	0.2490 	0.1515 
7.8465 	3.2209 	2.2481 	5.4250 	6.6921 	0.2949 	0.1951 
5.8886 	3.9761 	7.4230 	5.6089 	7.2950 	0.2296 	0.1331 
3.9155 	4.2035 	5.1453 	2.9711 	7.2689 	0.1638 	0.0707 
4.7877 	5.7630 	5.3488 	6.9239 	6.9238 	0.1929 	0.0983 
4.5033 	3.5883 	6.0436 	2.3610 	3.2815 	0.1834 	0.0893 
6.1993 	2.2872 	2.3424 	4.2329 	2.7306 	0.2400 	0.1430 
4.0233 	5.9387 	4.9343 	7.6772 	6.2259 	0.1674 	0.0741 
3.6261 	3.7764 	5.0703 	4.6216 	4.4258 	0.1542 	0.0615 
6.5225 	7.7793 	4.4873 	6.6645 	2.4055 	0.2508 	0.1532 
7.7767 	4.1358 	3.6255 	5.3730 	2.2090 	0.2926 	0.1929 
7.9826 	2.0368 	4.7442 	4.3332 	4.5457 	0.2994 	0.1994 
4.8512 	4.2849 	2.9942 	4.3618 	2.2590 	0.1950 	0.1003 
3.7506 	7.1013 	4.1986 	7.0440 	6.8345 	0.1584 	0.0654 
3.8232 	3.0694 	3.0160 	2.2587 	4.6703 	0.1608 	0.0677 
4.5941 	5.3742 	5.7492 	7.7572 	4.1526 	0.1865 	0.0921 
6.2249 	7.0840 	5.5790 	5.4086 	3.1087 	0.2408 	0.1438 
3.5758 	7.4575 	6.9160 	7.8529 	2.1027 	0.1525 	0.0599 
2.5720 	6.9039 	4.3844 	2.0865 	4.2035 	0.1191 	0.0281 
7.1212 	5.8069 	4.6957 	7.1849 	5.6827 	0.2707 	0.1722 
2.7053 	5.6430 	5.0291 	5.9131 	6.9378 	0.1235 	0.0323 
4.3634 	6.9959 	7.2217 	5.3150 	4.2214 	0.1788 	0.0848 
5.1674 	5.0384 	5.2459 	5.0423 	5.0112 	0.2056 	0.1103 
4.5867 	7.2059 	6.9007 	7.3188 	2.4351 	0.1862 	0.0919 
2.0917 	6.8306 	3.7125 	7.8777 	3.8362 	0.1031 	0.0129 
7.3893 	5.4234 	2.7829 	7.1133 	6.5431 	0.2796 	0.1807 
2.1706 	6.7062 	5.1028 	2.5388 	6.5948 	0.1057 	0.0154 
3.6676 	5.7463 	4.1115 	4.5630 	2.5782 	0.1556 	0.0628 
7.3327 	7.3307 	4.3149 	4.8088 	7.0705 	0.2778 	0.1789 
6.7015 	4.8705 	7.4955 	4.4740 	6.2526 	0.2567 	0.1589 
2.9727 	4.9496 	4.4657 	2.9071 	3.2281 	0.1324 	0.0408 
7.5492 	6.4787 	7.3151 	6.3966 	5.0994 	0.2850 	0.1857 
5.7211 	5.5679 	6.9562 	6.1385 	7.2485 	0.2240 	0.1278 
5.8432 	3.9179 	7.5451 	3.5306 	2.0853 	0.2281 	0.1317 
5.3235 	6.0864 	5.2350 	4.0450 	6.3311 	0.2108 	0.1152 
3.0148 	6.2151 	5.4133 	2.4292 	7.1118 	0.1338 	0.0421 
6.9415 	6.8145 	5.1316 	7.0196 	5.2479 	0.2647 	0.1665 
2.5903 	6.9731 	6.4960 	6.6274 	6.6371 	0.1197 	0.0287 
7.0997 	2.7420 	6.1317 	6.3820 	3.1436 	0.2700 	0.1715 
5.8583 	3.8370 	2.7151 	3.1275 	2.5920 	0.2286 	0.1322 
5.5198 	7.3752 	2.5811 	3.7799 	5.5881 	0.2173 	0.1215 
6.5841 	7.4660 	2.3707 	3.3119 	6.6142 	0.2528 	0.1552 
4.7028 	3.7085 	6.1573 	6.6162 	3.5816 	0.1901 	0.0956 
3.7400 	5.5187 	3.6952 	5.1814 	2.3644 	0.1580 	0.0651 
5.1933 	4.3122 	2.8862 	4.1931 	6.6262 	0.2064 	0.1111 
4.2735 	5.4357 	6.3188 	6.2646 	3.0301 	0.1758 	0.0820 
6.8276 	2.8609 	7.5371 	4.9065 	4.8184 	0.2609 	0.1629 
4.9489 	6.7888 	3.8767 	5.0939 	4.3979 	0.1983 	0.1034 
7.9942 	3.0407 	5.5346 	4.1158 	2.4516 	0.2998 	0.1998 
5.6417 	4.8050 	3.8481 	4.8323 	4.3802 	0.2214 	0.1253 
2.6117 	4.1956 	4.0977 	2.2136 	7.2634 	0.1204 	0.0294 
6.3162 	2.8147 	5.2099 	6.8214 	2.9949 	0.2439 	0.1467 
4.5691 	6.7675 	3.1398 	7.6467 	2.9184 	0.1856 	0.0914 
2.8227 	5.1080 	5.7322 	5.0356 	2.4796 	0.1274 	0.0361 
6.9095 	2.8674 	2.8221 	6.9769 	7.1596 	0.2636 	0.1655 
7.7149 	5.5371 	3.8372 	5.3687 	6.0039 	0.2905 	0.1910 
2.8546 	7.4835 	4.7495 	6.7716 	7.8395 	0.1285 	0.0371 
3.6807 	5.6009 	5.8110 	4.7350 	3.2053 	0.1560 	0.0632 
4.1961 	6.0554 	3.5185 	3.5866 	2.4618 	0.1732 	0.0795 
3.3047 	4.9718 	5.1797 	6.6695 	3.6998 	0.1435 	0.0513 
7.5728 	2.3272 	2.1495 	5.1709 	6.0902 	0.2858 	0.1865 
2.0296 	6.5866 	7.0999 	3.0889 	6.7832 	0.1010 	0.0109 
5.5523 	7.7684 	4.9425 	6.0467 	4.1325 	0.2184 	0.1225 
2.6725 	6.1428 	5.3467 	6.4960 	6.4578 	0.1224 	0.0313 
6.1124 	4.6875 	2.9227 	5.6452 	5.8689 	0.2371 	0.1402 
4.9071 	2.2628 	7.4485 	6.8783 	5.9617 	0.1969 	0.1021 
2.7960 	4.8332 	5.3886 	2.9134 	2.7444 	0.1265 	0.0352 
6.4834 	4.1051 	6.6525 	3.3656 	5.6319 	0.2494 	0.1520 
3.0561 	7.9759 	6.3898 	6.1477 	7.7825 	0.1352 	0.0434 
6.7603 	5.0625 	3.8292 	7.2240 	6.6656 	0.2587 	0.1607 
3.4580 	2.1885 	7.0248 	6.8344 	4.7797 	0.1486 	0.0562 
2.0152 	5.2464 	2.1893 	7.1257 	7.9417 	0.1005 	0.0105 
5.7658 	6.3643 	4.2439 	6.9815 	4.3019 	0.2255 	0.1293 
4.4817 	7.8771 	7.6834 	3.3325 	5.5084 	0.1827 	0.0886 
3.2056 	6.3365 	6.6092 	3.0258 	2.7091 	0.1402 	0.0482 
5.0480 	7.4011 	4.7317 	7.0682 	2.1108 	0.2016 	0.1065 
5.0946 	7.1360 	6.5259 	7.4682 	6.5792 	0.2032 	0.1080 
4.1931 	2.5193 	5.9328 	3.6015 	2.4857 	0.1731 	0.0794 
7.7308 	5.4070 	2.0956 	7.4017 	4.0321 	0.2910 	0.1915 
7.4941 	2.9966 	7.1264 	2.5874 	3.4425 	0.2831 	0.1840 
3.5987 	3.8852 	5.5727 	2.3311 	4.4974 	0.1533 	0.0606 
5.3832 	4.4318 	4.0681 	5.1606 	6.9193 	0.2128 	0.1171 
7.2369 	4.2980 	3.0428 	7.3623 	5.6389 	0.2746 	0.1758 
6.0290 	5.2062 	4.5944 	4.3470 	5.9101 	0.2343 	0.1376 
5.1754 	3.1668 	4.3261 	2.6511 	4.7657 	0.2058 	0.1106 
3.7012 	4.0719 	5.0738 	5.3909 	3.8998 	0.1567 	0.0639 
4.1515 	2.4295 	3.5983 	6.9977 	2.8145 	0.1717 	0.0781 
7.4337 	6.0175 	4.2149 	7.8000 	6.9479 	0.2811 	0.1821 
3.6741 	4.3460 	7.1941 	2.2957 	6.7082 	0.1558 	0.0630 
4.1623 	6.5711 	5.1968 	5.7487 	7.1155 	0.1721 	0.0785 
5.7472 	6.0067 	2.7764 	7.2836 	5.8609 	0.2249 	0.1287 
4.8997 	2.7464 	7.2902 	5.8625 	7.6255 	0.1967 	0.1018 
5.6295 	2.0195 	6.6842 	4.8576 	2.0024 	0.2210 	0.1249 
3.7978 	4.7408 	6.0477 	3.7006 	3.5844 	0.1599 	0.0669 
3.5389 	5.0569 	3.7657 	3.4611 	7.4486 	0.1513 	0.0587 
5.4094 	3.1055 	6.4498 	6.3603 	3.3453 	0.2136 	0.1180 
3.54 	4.91 	4.11 	3.11 	7.91 	0.123 	0.032 
5.08 	4.14 	3.70 	3.72 	7.67 	0.283 	0.184 
7.15 	3.54 	3.55 	4.89 	6.88 	0.117 	0.026 
7.30 	4.89 	3.25 	4.39 	6.22 	0.159 	0.066 
5.18 	7.20 	5.84 	7.34 	7.85 	0.295 	0.195 
6.64 	3.32 	7.05 	7.46 	6.98 	0.130 	0.038 
5.57 	6.11 	5.95 	4.98 	7.23 	0.296 	0.196 
6.91 	4.27 	6.29 	5.10 	6.52 	0.199 	0.104 
6.09 	7.26 	6.92 	5.73 	5.80 	0.263 	0.165 
4.51 	3.41 	5.32 	6.76 	3.25 	0.126 	0.035 
3.98 	7.20 	3.62 	6.72 	7.64 	0.284 	0.185 
5.59 	3.48 	6.78 	7.01 	6.42 	0.261 	0.163 
4.55 	6.64 	5.57 	6.53 	4.32 	0.293 	0.194 
4.11 	4.43 	3.48 	4.79 	3.47 	0.106 	0.015 
4.08 	6.86 	6.40 	7.42 	7.74 	0.274 	0.175 
3.70 	5.63 	6.33 	3.77 	3.83 	0.239 	0.142 
3.33 	6.90 	3.94 	3.97 	5.08 	0.255 	0.158 
5.37 	7.61 	6.02 	5.61 	6.25 	0.178 	0.084 
6.71 	4.24 	3.92 	6.66 	4.86 	0.234 	0.138 
3.64 	3.52 	7.53 	3.91 	7.74 	0.134 	0.042 
7.37 	4.04 	6.07 	3.43 	4.75 	0.246 	0.149 
4.11 	6.03 	4.13 	5.02 	4.37 	0.104 	0.014 
7.08 	7.23 	7.08 	7.75 	5.60 	0.158 	0.065 
4.90 	4.91 	7.81 	6.37 	3.67 	0.108 	0.018 
7.11 	6.43 	5.22 	6.85 	4.86 	0.117 	0.026 
6.50 	4.13 	5.42 	7.10 	4.33 	0.270 	0.171 
4.20 	4.23 	3.44 	5.95 	3.22 	0.243 	0.146 
4.34 	4.36 	4.42 	5.66 	3.16 	0.164 	0.071 
7.15 	4.61 	6.56 	3.11 	3.63 	0.291 	0.191 
4.06 	6.05 	5.34 	3.82 	3.46 	0.105 	0.015 
4.50 	6.46 	5.98 	7.70 	4.59 	0.189 	0.094 
4.08 	6.95 	5.27 	4.00 	5.13 	0.176 	0.082 
7.85 	3.12 	4.29 	4.65 	3.61 	0.256 	0.158 
5.15 	6.92 	4.35 	7.74 	6.79 	0.262 	0.164 
6.80 	4.95 	3.43 	7.20 	6.69 	0.138 	0.046 
6.94 	3.74 	5.32 	4.44 	5.94 	0.190 	0.096 
6.19 	4.50 	4.26 	4.89 	6.71 	0.230 	0.134 
5.31 	4.57 	4.18 	3.56 	4.36 	0.247 	0.150 
6.07 	4.81 	5.98 	4.05 	5.40 	0.255 	0.157 
3.96 	7.49 	3.72 	5.67 	6.58 	0.158 	0.065 
7.79 	6.43 	7.30 	5.41 	5.52 	0.241 	0.143 
4.17 	6.16 	7.69 	3.09 	4.17 	0.234 	0.137 
7.56 	3.53 	7.35 	3.92 	3.66 	0.131 	0.039 
7.50 	5.88 	6.55 	6.49 	4.63 	0.203 	0.108 
5.01 	7.09 	5.20 	5.64 	7.55 	0.294 	0.194 
3.78 	4.46 	7.88 	7.07 	3.45 	0.168 	0.075 
5.09 	3.25 	5.66 	7.83 	7.38 	0.219 	0.123 
3.28 	7.47 	5.38 	7.63 	7.99 	0.143 	0.051 
6.03 	5.51 	7.64 	4.59 	4.76 	0.254 	0.156 
4.64 	6.78 	6.78 	5.76 	7.42 	0.152 	0.059 
5.62 	7.72 	3.50 	4.34 	7.24 	0.245 	0.148 
3.40 	4.09 	6.29 	7.80 	5.47 	0.279 	0.180 
3.27 	7.80 	7.42 	4.19 	4.64 	0.293 	0.193 
5.59 	3.39 	4.99 	6.06 	4.24 	0.213 	0.117 
5.26 	5.19 	4.73 	3.61 	4.11 	0.126 	0.034 
5.24 	6.43 	5.89 	5.86 	5.83 	0.153 	0.060 
5.43 	6.06 	7.86 	6.48 	3.76 	0.151 	0.058 
6.89 	3.67 	5.63 	4.78 	4.52 	0.150 	0.057 
7.04 	6.53 	4.01 	7.14 	3.67 	0.286 	0.187 
7.96 	4.24 	7.23 	5.88 	5.77 	0.170 	0.077 
7.74 	4.93 	3.07 	3.96 	6.06 	0.141 	0.049 
3.88 	6.66 	3.58 	5.96 	4.12 	0.150 	0.058 
5.69 	3.74 	6.22 	3.46 	3.26 	0.225 	0.129 
3.21 	6.27 	3.92 	6.78 	4.07 	0.197 	0.102 
6.36 	4.45 	7.78 	6.72 	4.04 	0.172 	0.078 
6.02 	5.22 	5.74 	3.35 	3.30 	0.218 	0.122 
3.15 	6.30 	7.44 	5.61 	5.78 	0.213 	0.118 
4.09 	5.51 	6.64 	3.40 	7.81 	0.285 	0.185 
6.57 	4.77 	6.88 	5.07 	3.34 	0.160 	0.067 
6.56 	4.75 	6.24 	4.00 	5.64 	0.255 	0.157 
6.29 	6.62 	4.55 	7.36 	5.62 	0.176 	0.082 
7.77 	3.81 	7.58 	3.45 	3.06 	0.215 	0.119 
3.00 	7.11 	3.50 	6.70 	5.26 	0.112 	0.021 
4.30 	3.63 	7.30 	5.12 	3.02 	0.109 	0.019 
6.57 	3.88 	5.83 	6.33 	6.85 	0.209 	0.113 
7.68 	4.23 	5.15 	3.92 	7.10 	0.259 	0.161 
7.67 	3.37 	4.92 	6.83 	6.03 	0.288 	0.188 
4.94 	4.53 	3.92 	7.08 	3.60 	0.124 	0.032 
7.02 	5.98 	6.05 	3.34 	3.66 	0.101 	0.011 
7.31 	5.20 	3.52 	7.71 	4.70 	0.167 	0.074 